3 0.2734375 0.52734375 0.1265625 0.2609375
3 0.3609375 0.19921875 0.1 0.1640625
3 0.71796875 0.6578125 0.5640625 0.684375
3 0.678125 0.140625 0.353125 0.28125
3 0.3703125 0.04140625 0.084375 0.0828125
3 0.27890625 0.065625 0.0609375 0.13125
3 0.21484375 0.04296875 0.0453125 0.0859375
3 0.3 0.865625 0.2703125 0.25625
3 0.15625 0.3515625 0.1453125 0.4265625
3 0.165625 0.61953125 0.05625 0.075
3 0.09140625 0.10859375 0.0671875 0.2171875
3 0.0671875 0.48359375 0.05625 0.1609375
3 0.05390625 0.69296875 0.0984375 0.21875
3 0.05234375 0.30625 0.059375 0.2015625
3 0.215625 0.65859375 0.0484375 0.0671875
3 0.12734375 0.671875 0.0484375 0.071875
3 0.1140625 0.79609375 0.0453125 0.165625
3 0.17109375 0.75546875 0.0734375 0.1421875
3 0.15625 0.0140625 0.053125 0.028125
3 0.04765625 0.14296875 0.028125 0.115625
3 0.01640625 0.365625 0.0328125 0.334375