3 0.2734375 0.47265625 0.1265625 0.2609375
3 0.3609375 0.80078125 0.1 0.1640625
3 0.71796875 0.3421875 0.5640625 0.684375
3 0.678125 0.859375 0.353125 0.28125
3 0.3703125 0.9578125 0.084375 0.084375
3 0.27890625 0.934375 0.0609375 0.13125
3 0.21484375 0.95625 0.0453125 0.0875
3 0.3 0.134375 0.2703125 0.25625
3 0.15625 0.6484375 0.1453125 0.4265625
3 0.165625 0.38046875 0.05625 0.075
3 0.09140625 0.890625 0.0671875 0.21875
3 0.0671875 0.51640625 0.05625 0.1609375
3 0.05390625 0.30703125 0.0984375 0.21875
3 0.05234375 0.69375 0.059375 0.2015625
3 0.215625 0.34140625 0.0484375 0.0671875
3 0.12734375 0.328125 0.0484375 0.071875
3 0.1140625 0.20390625 0.0453125 0.165625
3 0.17109375 0.24453125 0.0734375 0.1421875
3 0.15625 0.9859375 0.053125 0.028125
3 0.04765625 0.85703125 0.028125 0.115625
3 0.01640625 0.6328125 0.0328125 0.334375