1 0.6515625 0.79140625 0.134375 0.0671875
1 0.87109375 0.1828125 0.1796875 0.134375
1 0.8390625 0.075 0.11875 0.05625
1 0.828125 0.61328125 0.253125 0.0984375
1 0.1578125 0.146875 0.26875 0.203125
1 0.1015625 0.90234375 0.15625 0.0984375
1 0.4015625 0.415625 0.196875 0.196875
1 0.11171875 0.4125 0.1796875 0.16875
1 0.66015625 0.1953125 0.2078125 0.19375
1 0.51640625 0.60234375 0.2921875 0.1546875
1 0.4609375 0.821875 0.190625 0.19375
1 0.1375 0.67265625 0.253125 0.2890625
1 0.91328125 0.40859375 0.1703125 0.1046875