1 0.3484375 0.20859375 0.134375 0.0671875
1 0.12890625 0.8171875 0.1796875 0.134375
1 0.1609375 0.925 0.11875 0.05625
1 0.171875 0.38671875 0.253125 0.0984375
1 0.8421875 0.853125 0.26875 0.2046875
1 0.8984375 0.09765625 0.15625 0.0984375
1 0.5984375 0.584375 0.196875 0.196875
1 0.88828125 0.5875 0.1796875 0.16875
1 0.33984375 0.8046875 0.2078125 0.19375
1 0.48359375 0.39765625 0.2921875 0.1546875
1 0.5390625 0.178125 0.190625 0.19375
1 0.8625 0.32734375 0.253125 0.2890625
1 0.09140625 0.61796875 0.175 0.1484375