3 0.5390625 0.275 0.2546875 0.1140625
3 0.20703125 0.3453125 0.159375 0.0921875
3 0.6578125 0.7296875 0.68125 0.5359375
3 0.13203125 0.659375 0.2640625 0.3390625
3 0.04453125 0.34609375 0.0890625 0.0796875
3 0.07109375 0.25625 0.1421875 0.053125
3 0.05078125 0.19140625 0.1015625 0.040625
3 0.87578125 0.31953125 0.24375 0.2578125
3 0.36953125 0.14921875 0.4203125 0.1234375
3 0.63671875 0.17265625 0.071875 0.053125
3 0.12734375 0.071875 0.221875 0.05625
3 0.50625 0.0671875 0.159375 0.0484375
3 0.71640625 0.06484375 0.2140625 0.0875
3 0.3296875 0.04296875 0.2 0.0484375
3 0.6734375 0.22421875 0.065625 0.0453125
3 0.69140625 0.13671875 0.0703125 0.0453125
3 0.815625 0.1296875 0.1640625 0.0375
3 0.77265625 0.18515625 0.1390625 0.065625
3 0.02265625 0.13125 0.0453125 0.0515625
3 0.1671875 0.0296875 0.1140625 0.021875
3 0.3921875 0.009375 0.334375 0.01875